FLAT SHEET
0,0,0,0,0,0,1,1,1,1,1,0,1,1,0,0,0,0,1,1,1,0,1,1,0,1,0,0,0,0,0,1

PERIODIC SHEET
0,0,0,1,0,0,1,0,1,0,0,0,0,1,0,1,1,1,1,0,0,0,1,1,1,0,0,0,1,0,0,1
0,0,1,0,0,1,1,1,1,0,1,0,1,0,0,1,0,1,0,1,0,1,0,0,0,1,0,0,1,0,0,1

WRAPPED
1,0,0,0,1,0,1,0,0,1,0,1,0,0,1,0,0,0,1,0,0,1,0,0,1,0,0,1,0,1,1,1
0,0,0,1,1,0,1,1,1,0,0,0,0,1,1,1,0,0,0,0,0,0,0,0,1,1,0,1,0,1,0,0
1,1,0,1,1,0,0,1,0,0,0,1,1,0,0,1,0,0,0,1,1,0,0,0,0,0,0,0,0,1,1,0
0,0,1,1,1,0,1,0,1,0,0,0,0,0,1,1,0,0,1,1,0,1,0,1,1,1,0,0,0,1,1,0
0,0,0,1,0,1,1,1,0,1,0,0,1,1,0,0,1,1,1,0,1,1,1,0,0,0,0,0,0,0,0,1
0,0,1,1,0,0,0,1,0,0,1,1,1,0,1,0,1,0,1,0,1,0,1,1,0,0,1,0,0,0,0,1
0,0,1,1,0,1,0,0,0,0,0,0,0,0,0,0,0,0,1,0,1,0,1,0,0,1,1,0,1,0,1,1
